x1 = [1 1 1 1 1 1 9.238095e-01 8.333333e-01 7.925926e-01 8.000000e-01 7.696970e-01 7.611111e-01 7.435897e-01 7.238095e-01 6.844444e-01 7.125000e-01 6.549020e-01 6.777778e-01 6.736842e-01 6.500000e-01 6.571429e-01 6.333333e-01 6.231884e-01 6.250000e-01 6.426667e-01 6.051282e-01 6.098765e-01 5.976190e-01 6.114943e-01 6.000000e-01 5.892473e-01 5.916667e-01 5.818182e-01 5.901961e-01 5.752381e-01 5.740741e-01 5.639640e-01 5.561404e-01 5.675214e-01 5.700000e-01 5.560976e-01 5.793651e-01 5.612403e-01 5.772727e-01 5.496296e-01 5.507246e-01 5.347518e-01 5.513889e-01 5.523810e-01 5.426667e-01 5.464052e-01 5.512821e-01 5.446541e-01 5.469136e-01 5.478788e-01 5.404762e-01 5.403509e-01 5.436782e-01 5.254237e-01 5.266667e-01 5.300546e-01 5.193548e-01 5.174603e-01 5.208333e-01 5.323077e-01 5.262626e-01 5.313433e-01 5.245098e-01 5.323671e-01 5.161905e-01 5.145540e-01 5.157407e-01 5.178082e-01 5.189189e-01 5.128889e-01 5.157895e-01 5.030303e-01 5.017094e-01 5.189873e-01 5.141667e-01 5.004115e-01 5.056911e-01 4.987952e-01 5.007937e-01 5.239216e-01 5.031008e-01 5.026820e-01 4.962121e-01 4.981273e-01 4.948148e-01 4.937729e-01 5.065217e-01 5.017921e-01 4.978723e-01 4.961404e-01 5.013889e-01 4.948454e-01 4.993197e-01 4.996633e-01 4.873333e-01 4.897690e-01 4.901961e-01 4.951456e-01 4.967949e-01 4.888889e-01 4.880503e-01 4.797508e-01 4.919753e-01 4.948012e-01 4.854545e-01 4.852853e-01 4.869048e-01 4.855457e-01 4.888889e-01 4.800000e-01 4.810345e-01 4.837607e-01 4.830508e-01 4.806723e-01 4.933333e-01]; 