x2 = [1 1 1 1 1 1 1 1 1 1 1 1 1 1 9.733333e-01 1 9.137255e-01 9.481481e-01 9.228070e-01 9.066667e-01 9.111111e-01 9.151515e-01 9.188406e-01 9.000000e-01 8.880000e-01 9.025641e-01 8.617284e-01 8.809524e-01 8.689655e-01 8.755556e-01 8.860215e-01 8.666667e-01 8.363636e-01 8.392157e-01 8.476190e-01 8.629630e-01 8.522523e-01 8.438596e-01 8.290598e-01 8.616667e-01 8.341463e-01 8.333333e-01 8.294574e-01 8.287879e-01 8.207407e-01 8.043478e-01 8.283688e-01 8.069444e-01 8.081633e-01 8.173333e-01 8.000000e-01 8.166667e-01 8.025157e-01 8.074074e-01 7.987879e-01 8.119048e-01 7.941520e-01 7.965517e-01 7.943503e-01 8.044444e-01 7.967213e-01 7.774194e-01 7.904762e-01 7.937500e-01 7.835897e-01 7.828283e-01 7.900498e-01 7.862745e-01 7.632850e-01 7.866667e-01 7.765258e-01 7.851852e-01 7.844749e-01 7.756757e-01 7.680000e-01 7.824561e-01 7.653680e-01 7.786325e-01 7.679325e-01 7.741667e-01 7.728395e-01 7.642276e-01 7.606426e-01 7.761905e-01 7.662745e-01 7.705426e-01 7.701149e-01 7.628788e-01 7.655431e-01 7.600000e-01 7.597070e-01 7.579710e-01 7.584229e-01 7.375887e-01 7.480702e-01 7.562500e-01 7.580756e-01 7.476190e-01 7.488215e-01 7.573333e-01 7.524752e-01 7.529412e-01 7.449838e-01 7.532051e-01 7.498413e-01 7.396226e-01 7.489097e-01 7.462963e-01 7.553517e-01 7.478788e-01 7.405405e-01 7.488095e-01 7.480826e-01 7.356725e-01 7.431884e-01 7.482759e-01 7.424501e-01 7.435028e-01 7.478992e-01 7.244444e-01]; 