x15 = [1 1 1 1 1 1 1 1 1 1 9.636364e-01 8.888889e-01 8.666667e-01 9.142857e-01 8.755556e-01 9.000000e-01 8.901961e-01 8.888889e-01 8.350877e-01 8.333333e-01 8.190476e-01 8.363636e-01 7.913043e-01 7.916667e-01 8.000000e-01 7.897436e-01 8.049383e-01 8.095238e-01 7.701149e-01 7.600000e-01 7.741935e-01 7.520833e-01 7.717172e-01 7.588235e-01 7.695238e-01 7.555556e-01 7.585586e-01 7.456140e-01 7.384615e-01 7.350000e-01 7.333333e-01 7.285714e-01 7.410853e-01 7.378788e-01 7.200000e-01 7.333333e-01 7.347518e-01 7.402778e-01 7.197279e-01 7.120000e-01 7.215686e-01 7.141026e-01 7.257862e-01 7.123457e-01 6.909091e-01 6.964286e-01 7.017544e-01 6.873563e-01 7.163842e-01 6.866667e-01 7.038251e-01 7.000000e-01 6.814815e-01 7.125000e-01 6.841026e-01 6.949495e-01 6.965174e-01 6.735294e-01 6.821256e-01 6.819048e-01 6.835681e-01 6.888889e-01 6.785388e-01 6.774775e-01 6.826667e-01 6.701754e-01 6.805195e-01 6.803419e-01 6.759494e-01 6.741667e-01 6.831276e-01 6.585366e-01 6.594378e-01 6.730159e-01 6.635294e-01 6.565891e-01 6.712644e-01 6.659091e-01 6.674157e-01 6.866667e-01 6.644689e-01 6.623188e-01 6.580645e-01 6.567376e-01 6.512281e-01 6.694444e-01 6.549828e-01 6.632653e-01 6.511785e-01 6.600000e-01 6.514851e-01 6.549020e-01 6.485437e-01 6.570513e-01 6.539683e-01 6.515723e-01 6.436137e-01 6.598765e-01 6.440367e-01 6.557576e-01 6.438438e-01 6.470238e-01 6.412979e-01 6.397661e-01 6.463768e-01 6.471264e-01 6.393162e-01 6.497175e-01 6.459384e-01 6.416667e-01]; 