x1 = [
 % 001~120 average the largest 1~15
1 1 1 1 1 1 9.238095e-01 8.333333e-01 7.925926e-01 8.000000e-01 7.696970e-01 7.611111e-01 7.435897e-01 7.238095e-01 6.844444e-01 7.125000e-01 6.549020e-01 6.777778e-01 6.736842e-01 6.500000e-01 6.571429e-01 6.333333e-01 6.231884e-01 6.250000e-01 6.426667e-01 6.051282e-01 6.098765e-01 5.976190e-01 6.114943e-01 6.000000e-01 5.892473e-01 5.916667e-01 5.818182e-01 5.901961e-01 5.752381e-01 5.740741e-01 5.639640e-01 5.561404e-01 5.675214e-01 5.700000e-01 5.560976e-01 5.793651e-01 5.612403e-01 5.772727e-01 5.496296e-01 5.507246e-01 5.347518e-01 5.513889e-01 5.523810e-01 5.426667e-01 5.464052e-01 5.512821e-01 5.446541e-01 5.469136e-01 5.478788e-01 5.404762e-01 5.403509e-01 5.436782e-01 5.254237e-01 5.266667e-01 5.300546e-01 5.193548e-01 5.174603e-01 5.208333e-01 5.323077e-01 5.262626e-01 5.313433e-01 5.245098e-01 5.323671e-01 5.161905e-01 5.145540e-01 5.157407e-01 5.178082e-01 5.189189e-01 5.128889e-01 5.157895e-01 5.030303e-01 5.017094e-01 5.189873e-01 5.141667e-01 5.004115e-01 5.056911e-01 4.987952e-01 5.007937e-01 5.239216e-01 5.031008e-01 5.026820e-01 4.962121e-01 4.981273e-01 4.948148e-01 4.937729e-01 5.065217e-01 5.017921e-01 4.978723e-01 4.961404e-01 5.013889e-01 4.948454e-01 4.993197e-01 4.996633e-01 4.873333e-01 4.897690e-01 4.901961e-01 4.951456e-01 4.967949e-01 4.888889e-01 4.880503e-01 4.797508e-01 4.919753e-01 4.948012e-01 4.854545e-01 4.852853e-01 4.869048e-01 4.855457e-01 4.888889e-01 4.800000e-01 4.810345e-01 4.837607e-01 4.830508e-01 4.806723e-01 4.933333e-01];



% 121~200 average the largest 1~8 ???
4.848485e-01 4.881603e-01 4.832882e-01 4.847670e-01 4.782222e-01 4.753086e-01 4.899388e-01 4.739583e-01 4.728682e-01 4.752137e-01 4.826124e-01 4.949495e-01 4.703425e-01 4.809287e-01 4.962963e-01 4.803922e-01 4.768856e-01 4.718196e-01 4.796163e-01 4.809524e-01 4.783294e-01 4.757433e-01 4.809635e-01 4.791667e-01 4.781609e-01 4.779300e-01 4.746788e-01 4.804805e-01 4.683072e-01 4.666667e-01 4.672553e-01 4.736842e-01 4.684096e-01 4.668110e-01 4.788530e-01 4.750712e-01 4.713376e-01 4.873418e-01 4.744934e-01 4.729167e-01 4.720497e-01 4.643347e-01 4.635310e-01 4.701897e-01 4.929293e-01 4.558233e-01 4.763806e-01 4.576720e-01 4.687705e-01 4.679739e-01 4.671865e-01 4.625323e-01 4.669236e-01 4.610473e-01 4.653968e-01 4.671717e-01 4.607659e-01 4.719101e-01 4.655493e-01 4.641975e-01 4.647023e-01 4.743590e-01 4.632665e-01 4.553140e-01 4.660661e-01 4.629630e-01 4.670232e-01 4.592199e-01 4.697237e-01 4.637427e-01 4.624782e-01 4.646991e-01 4.565343e-01 4.599084e-01 4.592593e-01 4.614512e-01 4.692611e-01 4.612795e-01 4.595198e-01 4.661111e-01 


% 001~120 average the largest 1~11
1 1 1 1 1 1 1            8.636364e-01 7.979798e-01 8.000000e-01 7.851240e-01 7.878788e-01 7.622378e-01 7.272727e-01 6.969697e-01 7.215909e-01 6.577540e-01 6.969697e-01 6.889952e-01 6.636364e-01 6.709957e-01 6.487603e-01 6.284585e-01 6.325758e-01 6.581818e-01 6.153846e-01 6.161616e-01 6.071429e-01 6.206897e-01 6.121212e-01 6.011730e-01 6.022727e-01 5.840220e-01 6.016043e-01 5.818182e-01 5.808081e-01 5.724816e-01 5.598086e-01 5.780886e-01 5.772727e-01 5.631929e-01 5.822511e-01 5.708245e-01 5.888430e-01 5.555556e-01 5.612648e-01 5.415861e-01 5.625000e-01 5.602968e-01 5.509091e-01 5.561497e-01 5.629371e-01 5.506003e-01 5.555556e-01 5.553719e-01 5.503247e-01 5.454545e-01 5.517241e-01 5.315871e-01 5.303030e-01 5.380030e-01 5.263930e-01 5.209235e-01 5.241477e-01 5.384615e-01 5.344353e-01 5.345997e-01 5.320856e-01 5.401845e-01 5.220779e-01 5.185659e-01 5.214646e-01 5.242839e-01 5.257985e-01 5.200000e-01 5.215311e-01 5.064935e-01 5.069930e-01 5.258918e-01 5.193182e-01 5.072952e-01 5.133038e-01 5.027382e-01 5.054113e-01 5.315508e-01 5.084567e-01 5.078370e-01 5.030992e-01 5.035751e-01 5.000000e-01 5.014985e-01 5.128458e-01 5.083089e-01 5.038685e-01 5.023923e-01 5.075758e-01 4.985942e-01 5.064935e-01 5.050505e-01 4.918182e-01 4.932493e-01 4.964349e-01 4.986761e-01 5.017483e-01 4.935065e-01 4.939966e-01 4.842821e-01 4.957912e-01 5.012510e-01 4.900826e-01 4.889435e-01 4.918831e-01 4.883347e-01 4.928230e-01 4.837945e-01 4.874608e-01 4.879565e-01 4.861325e-01 4.843392e-01 5.007576e-01 
1 1 1 1 1 1 9.238095e-01 8.333333e-01 7.925926e-01 8.000000e-01 7.696970e-01 7.611111e-01 7.435897e-01 7.238095e-01 6.844444e-01 7.125000e-01 6.549020e-01 6.777778e-01 6.736842e-01 6.500000e-01 6.571429e-01 6.333333e-01 6.231884e-01 6.250000e-01 6.426667e-01 6.051282e-01 6.098765e-01 5.976190e-01 6.114943e-01 6.000000e-01 5.892473e-01 5.916667e-01 5.818182e-01 5.901961e-01 5.752381e-01 5.740741e-01 5.639640e-01 5.561404e-01 5.675214e-01 5.700000e-01 5.560976e-01 5.793651e-01 5.612403e-01 5.772727e-01 5.496296e-01 5.507246e-01 5.347518e-01 5.513889e-01 5.523810e-01 5.426667e-01 5.464052e-01 5.512821e-01 5.446541e-01 5.469136e-01 5.478788e-01 5.404762e-01 5.403509e-01 5.436782e-01 5.254237e-01 5.266667e-01 5.300546e-01 5.193548e-01 5.174603e-01 5.208333e-01 5.323077e-01 5.262626e-01 5.313433e-01 5.245098e-01 5.323671e-01 5.161905e-01 5.145540e-01 5.157407e-01 5.178082e-01 5.189189e-01 5.128889e-01 5.157895e-01 5.030303e-01 5.017094e-01 5.189873e-01 5.141667e-01 5.004115e-01 5.056911e-01 4.987952e-01 5.007937e-01 5.239216e-01 5.031008e-01 5.026820e-01 4.962121e-01 4.981273e-01 4.948148e-01 4.937729e-01 5.065217e-01 5.017921e-01 4.978723e-01 4.961404e-01 5.013889e-01 4.948454e-01 4.993197e-01 4.996633e-01 4.873333e-01 4.897690e-01 4.901961e-01 4.951456e-01 4.967949e-01 4.888889e-01 4.880503e-01 4.797508e-01 4.919753e-01 4.948012e-01 4.854545e-01 4.852853e-01 4.869048e-01 4.855457e-01 4.888889e-01 4.800000e-01 4.810345e-01 4.837607e-01 4.830508e-01 4.806723e-01 4.933333e-01];
% 001~120 average the largest 1~15


