
 % 001~120 average the largest 1~15
x15 = [1 1 1 1 1 1 1 1 1 1 9.636364e-01 8.888889e-01 8.666667e-01 9.142857e-01 8.755556e-01 9.000000e-01 8.901961e-01 8.888889e-01 8.350877e-01 8.333333e-01 8.190476e-01 8.363636e-01 7.913043e-01 7.916667e-01 8.000000e-01 7.897436e-01 8.049383e-01 8.095238e-01 7.701149e-01 7.600000e-01 7.741935e-01 7.520833e-01 7.717172e-01 7.588235e-01 7.695238e-01 7.555556e-01 7.585586e-01 7.456140e-01 7.384615e-01 7.350000e-01 7.333333e-01 7.285714e-01 7.410853e-01 7.378788e-01 7.200000e-01 7.333333e-01 7.347518e-01 7.402778e-01 7.197279e-01 7.120000e-01 7.215686e-01 7.141026e-01 7.257862e-01 7.123457e-01 6.909091e-01 6.964286e-01 7.017544e-01 6.873563e-01 7.163842e-01 6.866667e-01 7.038251e-01 7.000000e-01 6.814815e-01 7.125000e-01 6.841026e-01 6.949495e-01 6.965174e-01 6.735294e-01 6.821256e-01 6.819048e-01 6.835681e-01 6.888889e-01 6.785388e-01 6.774775e-01 6.826667e-01 6.701754e-01 6.805195e-01 6.803419e-01 6.759494e-01 6.741667e-01 6.831276e-01 6.585366e-01 6.594378e-01 6.730159e-01 6.635294e-01 6.565891e-01 6.712644e-01 6.659091e-01 6.674157e-01 6.866667e-01 6.644689e-01 6.623188e-01 6.580645e-01 6.567376e-01 6.512281e-01 6.694444e-01 6.549828e-01 6.632653e-01 6.511785e-01 6.600000e-01 6.514851e-01 6.549020e-01 6.485437e-01 6.570513e-01 6.539683e-01 6.515723e-01 6.436137e-01 6.598765e-01 6.440367e-01 6.557576e-01 6.438438e-01 6.470238e-01 6.412979e-01 6.397661e-01 6.463768e-01 6.471264e-01 6.393162e-01 6.497175e-01 6.459384e-01 6.416667e-01]; 
       1 1 1 1 1 1 1 1 1 1            1 9.090909e-01 8.741259e-01 9.350649e-01 8.787879e-01 9.090909e-01 8.930481e-01 8.989899e-01 8.516746e-01 8.454545e-01 8.225108e-01 8.429752e-01 8.102767e-01 8.068182e-01 8.145455e-01 7.972028e-01 8.148148e-01 8.181818e-01 7.742947e-01 7.696970e-01 7.859238e-01 7.642045e-01 7.768595e-01 7.673797e-01 7.792208e-01 7.676768e-01 7.690418e-01 7.559809e-01 7.482517e-01 7.454545e-01 7.427938e-01 7.402597e-01 7.547569e-01 7.500000e-01 7.313131e-01 7.391304e-01 7.427466e-01 7.518939e-01 7.291280e-01 7.218182e-01 7.326203e-01 7.202797e-01 7.409949e-01 7.222222e-01 6.975207e-01 7.029221e-01 7.081340e-01 6.927900e-01 7.241911e-01 6.909091e-01 7.093890e-01 7.082111e-01 6.868687e-01 7.215909e-01 6.867133e-01 6.997245e-01 7.028494e-01 6.778075e-01 6.877470e-01 6.909091e-01 6.901408e-01 6.969697e-01 6.861768e-01 6.842752e-01 6.884848e-01 6.746411e-01 6.871311e-01 6.876457e-01 6.823936e-01 6.784091e-01 6.891134e-01 6.629712e-01 6.648412e-01 6.807359e-01 6.695187e-01 6.606765e-01 6.781609e-01 6.725207e-01 6.772217e-01 6.939394e-01 6.703297e-01 6.689723e-01 6.627566e-01 6.634429e-01 6.574163e-01 6.742424e-01 6.569822e-01 6.697588e-01 6.565657e-01 6.636364e-01 6.579658e-01 6.604278e-01 6.548985e-01 6.625874e-01 6.597403e-01 6.586621e-01 6.499575e-01 6.675084e-01 6.480400e-01 6.595041e-01 6.486486e-01 6.534091e-01 6.452132e-01 6.435407e-01 6.505929e-01 6.528213e-01 6.418026e-01 6.563945e-01 6.524064e-01 6.446970e-01 
 % 001~120 average the largest 1~11


% 121 ~200  average the largest 1~8
6.473829e-01 6.502732e-01 6.603433e-01 6.550179e-01 6.346667e-01 6.490300e-01 6.430446e-01 6.614583e-01 6.339363e-01 6.478632e-01 6.649703e-01 6.414141e-01 6.574770e-01 6.451078e-01 6.436214e-01 6.429739e-01 6.496350e-01 6.417069e-01 6.442846e-01 6.460317e-01 6.390859e-01 6.377152e-01 6.472416e-01 6.373457e-01 6.398467e-01 6.400304e-01 6.371882e-01 6.381381e-01 6.390753e-01 6.407407e-01 6.320824e-01 6.352339e-01 6.499637e-01 6.327561e-01 6.243728e-01 6.360399e-01 6.433121e-01 6.230661e-01 6.429071e-01 6.250000e-01 6.287095e-01 6.474623e-01 6.264485e-01 6.300813e-01 6.329966e-01 6.258367e-01 6.340652e-01 6.203704e-01 6.344510e-01 6.294118e-01 6.452242e-01 6.259690e-01 6.152858e-01 6.321839e-01 6.330159e-01 6.363636e-01 6.283741e-01 6.317104e-01 6.244569e-01 6.172840e-01 6.310620e-01 6.172161e-01 6.290225e-01 6.195652e-01 6.264264e-01 6.302270e-01 6.268568e-01 6.223404e-01 6.243386e-01 6.233918e-01 6.352531e-01 6.261574e-01 6.275187e-01 6.231386e-01 6.216524e-01 6.184807e-01 6.277496e-01 6.167228e-01 6.203238e-01 6.255556e-01
