 % 001~120 average the largest 1~15
x2 = [1 1 1 1 1 1 1 1 1 1 1 1 1 1 9.733333e-01 1 9.137255e-01 9.481481e-01 9.228070e-01 9.066667e-01 9.111111e-01 9.151515e-01 9.188406e-01 9.000000e-01 8.880000e-01 9.025641e-01 8.617284e-01 8.809524e-01 8.689655e-01 8.755556e-01 8.860215e-01 8.666667e-01 8.363636e-01 8.392157e-01 8.476190e-01 8.629630e-01 8.522523e-01 8.438596e-01 8.290598e-01 8.616667e-01 8.341463e-01 8.333333e-01 8.294574e-01 8.287879e-01 8.207407e-01 8.043478e-01 8.283688e-01 8.069444e-01 8.081633e-01 8.173333e-01 8.000000e-01 8.166667e-01 8.025157e-01 8.074074e-01 7.987879e-01 8.119048e-01 7.941520e-01 7.965517e-01 7.943503e-01 8.044444e-01 7.967213e-01 7.774194e-01 7.904762e-01 7.937500e-01 7.835897e-01 7.828283e-01 7.900498e-01 7.862745e-01 7.632850e-01 7.866667e-01 7.765258e-01 7.851852e-01 7.844749e-01 7.756757e-01 7.680000e-01 7.824561e-01 7.653680e-01 7.786325e-01 7.679325e-01 7.741667e-01 7.728395e-01 7.642276e-01 7.606426e-01 7.761905e-01 7.662745e-01 7.705426e-01 7.701149e-01 7.628788e-01 7.655431e-01 7.600000e-01 7.597070e-01 7.579710e-01 7.584229e-01 7.375887e-01 7.480702e-01 7.562500e-01 7.580756e-01 7.476190e-01 7.488215e-01 7.573333e-01 7.524752e-01 7.529412e-01 7.449838e-01 7.532051e-01 7.498413e-01 7.396226e-01 7.489097e-01 7.462963e-01 7.553517e-01 7.478788e-01 7.405405e-01 7.488095e-01 7.480826e-01 7.356725e-01 7.431884e-01 7.482759e-01 7.424501e-01 7.435028e-01 7.478992e-01 7.244444e-01];
      1 1 1 1 1 1 1 1 1 1 1 1 1 1 1            1 9.251337e-01 9.696970e-01 9.330144e-01 9.090909e-01 9.134199e-01 9.173554e-01 9.209486e-01 9.090909e-01 9.054545e-01 9.230769e-01 8.653199e-01 8.896104e-01 8.714734e-01 8.848485e-01 9.002933e-01 8.750000e-01 8.429752e-01 8.449198e-01 8.545455e-01 8.737374e-01 8.648649e-01 8.540670e-01 8.414918e-01 8.727273e-01 8.447894e-01 8.419913e-01 8.350951e-01 8.326446e-01 8.303030e-01 8.122530e-01 8.355899e-01 8.125000e-01 8.126160e-01 8.236364e-01 8.074866e-01 8.234266e-01 8.096055e-01 8.148148e-01 8.049587e-01 8.214286e-01 8.006380e-01 8.056426e-01 7.996918e-01 8.121212e-01 8.062593e-01 7.815249e-01 7.979798e-01 8.039773e-01 7.902098e-01 7.920110e-01 7.978290e-01 7.941176e-01 7.667984e-01 7.935065e-01 7.861716e-01 7.878788e-01 7.907846e-01 7.825553e-01 7.733333e-01 7.906699e-01 7.744982e-01 7.855478e-01 7.733026e-01 7.795455e-01 7.811448e-01 7.716186e-01 7.667032e-01 7.824675e-01 7.732620e-01 7.758985e-01 7.763845e-01 7.685950e-01 7.732380e-01 7.656566e-01 7.672328e-01 7.638340e-01 7.644184e-01 7.427466e-01 7.540670e-01 7.623106e-01 7.666354e-01 7.560297e-01 7.548209e-01 7.609091e-01 7.596760e-01 7.575758e-01 7.502207e-01 7.613636e-01 7.549784e-01 7.444254e-01 7.561597e-01 7.550505e-01 7.597998e-01 7.520661e-01 7.452907e-01 7.556818e-01 7.530169e-01 7.408293e-01 7.494071e-01 7.586207e-01 7.482517e-01 7.488444e-01 7.540107e-01 7.272727e-01 
 % 001~120 average the largest 1~11


% 121~200 average the largest 1~8 ??
7.483930e-01 7.440801e-01 7.262873e-01 7.419355e-01 7.413333e-01 7.425044e-01 7.489064e-01 7.413194e-01 7.338501e-01 7.316239e-01 7.599661e-01 7.449495e-01 7.468672e-01 7.330017e-01 7.374486e-01 7.320261e-01 7.485807e-01 7.286634e-01 7.306155e-01 7.452381e-01 7.375887e-01 7.425665e-01 7.428127e-01 7.368827e-01 7.409962e-01 7.420091e-01 7.294029e-01 7.409910e-01 7.330350e-01 7.488889e-01 7.343635e-01 7.295322e-01 7.349310e-01 7.236652e-01 7.369176e-01 7.364672e-01 7.211607e-01 7.447257e-01 7.267645e-01 7.222222e-01 7.149758e-01 7.229081e-01 7.191547e-01 7.256098e-01 7.272727e-01 7.275770e-01 7.238856e-01 7.321429e-01 7.186062e-01 7.248366e-01 7.244964e-01 7.273902e-01 7.174053e-01 7.113665e-01 7.161905e-01 7.070707e-01 7.150031e-01 7.253433e-01 7.219119e-01 7.277778e-01 7.237569e-01 7.130647e-01 7.255616e-01 7.131643e-01 7.171171e-01 7.138590e-01 7.254902e-01 7.151300e-01 7.189888e-01 7.257310e-01 7.219314e-01 7.193287e-01 7.213587e-01 7.222222e-01 7.219373e-01 7.233560e-01 7.241963e-01 7.098765e-01 7.236181e-01 7.161111e-01 

